
BUSES AND NODES IN ACTIVE CIRCUIT: feeder_p3rdt1052-p3rhs0_1247x

                                                      Coord                                 Number of     Nodes
  Bus                            Base kV             (x, y)                      Keep?       Nodes        connected ...

"p3rdt1052-p3rhs0_1247x"       12.470          ( -121.83008107, 37.821935148 )     No           3          1    2    3 
"p3rdt0lv"                      0.208          ( -121.75182362, 37.758260853 )     No           2          1    2 
"p3rlv1"                        0.208          ( -121.7517164 , 37.756639099 )     No           2          1    2 
"p3rdt1lv"                      0.208          ( -121.7521671 , 37.755853569 )     No           2          1    2 
"p3rdt1lv-p3rlv2x"              0.208          ( -121.75211518, 37.755829151 )     No           2          1    2 
"p3rlv2"                        0.208          ( -121.75183529, 37.755877109 )     No           2          1    2 
"p3rlv7"                        0.208          ( -121.75241564, 37.755793127 )     No           2          1    2 
"p3rdt2lv"                      0.208          ( -121.75298968, 37.755850446 )     No           2          1    2 
"p3rlv3"                        0.208          ( -121.75316532, 37.75576501  )     No           2          1    2 
"p3rlv4"                        0.208          ( -121.75331317, 37.755748549 )     No           2          1    2 
"p3rlv5"                        0.208          ( -121.75271285, 37.755670095 )     No           2          1    2 
"p3rlv6"                        0.208          ( -121.75295119, 37.755672617 )     No           2          1    2 
"p3rlv8"                        0.208          ( -121.75282332, 37.756527474 )     No           2          1    2 
"p3rdt3lv"                      0.208          ( -121.76343274, 37.744493018 )     No           2          1    2 
"p3rlv9"                        0.208          ( -121.76287585, 37.744565363 )     No           2          1    2 
"p3rlv25"                       0.208          ( -121.76236429, 37.744614069 )     No           2          1    2 
"p3rlv145"                      0.208          ( -121.76277804, 37.744540131 )     No           2          1    2 
"p3rdm10"                       0.208          ( -121.76335666, 37.744318052 )     No           2          1    2 
"p3rlv140"                      0.208          ( -121.76259635, 37.744310072 )     No           2          1    2 
"p3rlv141"                      0.208          ( -121.76227786, 37.744351791 )     No           2          1    2 
"p3rlv153"                      0.208          ( -121.76192652, 37.744321063 )     No           2          1    2 
"p3rdt4lv"                      0.208          ( -121.76754421, 37.753011334 )     No           2          1    2 
"p3rlv10"                       0.208          ( -121.7675236 , 37.753122104 )     No           2          1    2 
"p3rlv12"                       0.208          ( -121.76780823, 37.753071004 )     No           2          1    2 
"p3rlv14"                       0.208          ( -121.76729766, 37.753056651 )     No           2          1    2 
"p3rlv271"                      0.208          ( -121.76779254, 37.75333221  )     No           2          1    2 
"p3rdt6lv"                      0.208          ( -121.76994882, 37.745955359 )     No           2          1    2 
"p3rlv13"                       0.208          ( -121.76872185, 37.745888372 )     No           2          1    2 
"p3rdm20"                       0.208          ( -121.76989788, 37.746153011 )     No           2          1    2 
"p3rlv17"                       0.208          ( -121.76893328, 37.746142939 )     No           2          1    2 
"p3rlv28"                       0.208          ( -121.76867287, 37.746104167 )     No           2          1    2 
"p3rdt10lv"                     0.208          ( -121.76870897, 37.746504995 )     No           2          1    2 
"p3rlv19"                       0.208          ( -121.76875901, 37.746519639 )     No           2          1    2 
"p3rdt11lv"                     0.208          ( -121.76842407, 37.74588915  )     No           2          1    2 
"p3rlv20"                       0.208          ( -121.76838221, 37.745862924 )     No           2          1    2 
"p3rdt12lv"                     0.208          ( -121.76327458, 37.744503394 )     No           2          1    2 
"p3rlv21"                       0.208          ( -121.76371365, 37.744691321 )     No           2          1    2 
"p3rdt16lv"                     0.208          ( -121.7675375 , 37.752731868 )     No           2          1    2 
"p3rlv27"                       0.208          ( -121.76730379, 37.752687193 )     No           2          1    2 
"p3rdt35lv"                     0.208          ( -121.79090325, 37.728008492 )     No           2          1    2 
"p3rlv63"                       0.208          ( -121.79084761, 37.728181997 )     No           2          1    2 
"p3rlv65"                       0.208          ( -121.7908968 , 37.727948169 )     No           2          1    2 
"p3rlv68"                       0.208          ( -121.79061909, 37.728278794 )     No           2          1    2 
"p3rdm70"                       0.208          ( -121.7905803 , 37.727872819 )     No           2          1    2 
"p3rlv70"                       0.208          ( -121.79060446, 37.727782939 )     No           2          1    2 
"p3rdm72"                       0.208          ( -121.79107584, 37.728103223 )     No           2          1    2 
"p3rlv73"                       0.208          ( -121.79091583, 37.728173684 )     No           2          1    2 
"p3rlv74"                       0.208          ( -121.79115541, 37.728095026 )     No           2          1    2 
"p3rdm71"                       0.208          ( -121.79149123, 37.728377867 )     No           2          1    2 
"p3rlv71"                       0.208          ( -121.79172108, 37.728199967 )     No           2          1    2 
"p3rdt36lv"                     0.208          ( -121.79162189, 37.728475514 )     No           2          1    2 
"p3rlv64"                       0.208          ( -121.79159173, 37.728478038 )     No           2          1    2 
"p3rdt37lv"                     0.208          ( -121.79040785, 37.727769076 )     No           2          1    2 
"p3rlv66"                       0.208          ( -121.78999567, 37.728236344 )     No           2          1    2 
"p3rdm76"                       0.208          ( -121.79024243, 37.727716134 )     No           2          1    2 
"p3rlv69"                       0.208          ( -121.79025231, 37.727806364 )     No           2          1    2 
"p3rdt38lv"                     0.208          ( -121.79188326, 37.729926965 )     No           2          1    2 
"p3rlv67"                       0.208          ( -121.79193329, 37.729941599 )     No           2          1    2 
"p3rdt39lv"                     0.208          ( -121.7907529 , 37.727967551 )     No           2          1    2 
"p3rlv72"                       0.208          ( -121.79044056, 37.728333871 )     No           2          1    2 
"p3rdt40lv"                     0.208          ( -121.77778964, 37.732595949 )     No           2          1    2 
"p3rlv75"                       0.208          ( -121.77775361, 37.732264935 )     No           2          1    2 
"p3rlv76"                       0.208          ( -121.77741583, 37.732793186 )     No           2          1    2 
"p3rlv77"                       0.208          ( -121.77819125, 37.73280406  )     No           2          1    2 
"p3rdt42lv"                     0.208          ( -121.77321081, 37.7363698   )     No           2          1    2 
"p3rlv79"                       0.208          ( -121.77316791, 37.73576833  )     No           2          1    2 
"p3rlv273"                      0.208          ( -121.77314809, 37.736281852 )     No           2          1    2 
"p3rlv274"                      0.208          ( -121.77315151, 37.736074594 )     No           2          1    2 
"p3rdt65lv"                     0.208          ( -121.76215309, 37.741461273 )     No           2          1    2 
"p3rlv112"                      0.208          ( -121.76220313, 37.74147592  )     No           2          1    2 
"p3rdt66lv"                     0.208          ( -121.76327304, 37.740240573 )     No           2          1    2 
"p3rlv113"                      0.208          ( -121.76223237, 37.740268532 )     No           2          1    2 
"p3rdm120"                      0.208          ( -121.76323746, 37.740486422 )     No           2          1    2 
"p3rlv151"                      0.208          ( -121.76249125, 37.740397429 )     No           2          1    2 
"p3rdm121"                      0.208          ( -121.76326827, 37.740081126 )     No           2          1    2 
"p3rlv158"                      0.208          ( -121.76267806, 37.740083944 )     No           2          1    2 
"p3rdt67lv"                     0.208          ( -121.76988403, 37.73903213  )     No           2          1    2 
"p3rlv114"                      0.208          ( -121.76883247, 37.738973902 )     No           2          1    2 
"p3rlv124"                      0.208          ( -121.76876662, 37.739075187 )     No           2          1    2 
"p3rlv142"                      0.208          ( -121.76930098, 37.739017679 )     No           2          1    2 
"p3rdt68lv"                     0.208          ( -121.76329669, 37.741337031 )     No           2          1    2 
"p3rlv128"                      0.208          ( -121.76276009, 37.741292515 )     No           2          1    2 
"p3rdm125"                      0.208          ( -121.76330146, 37.741496478 )     No           2          1    2 
"p3rlv115"                      0.208          ( -121.76275694, 37.74148175  )     No           2          1    2 
"p3rdt69lv"                     0.208          ( -121.76329194, 37.743455944 )     No           2          1    2 
"p3rlv116"                      0.208          ( -121.76253072, 37.743480209 )     No           2          1    2 
"p3rlv152"                      0.208          ( -121.76311141, 37.743369139 )     No           2          1    2 
"p3rdm128"                      0.208          ( -121.76333431, 37.743614822 )     No           2          1    2 
"p3rlv120"                      0.208          ( -121.76232511, 37.743559164 )     No           2          1    2 
"p3rdm129"                      0.208          ( -121.76332881, 37.743263267 )     No           2          1    2 
"p3rlv147"                      0.208          ( -121.76268094, 37.743319556 )     No           2          1    2 
"p3rdt70lv"                     0.208          ( -121.76329119, 37.740985476 )     No           2          1    2 
"p3rlv117"                      0.208          ( -121.76250405, 37.740992406 )     No           2          1    2 
"p3rlv129"                      0.208          ( -121.76384394, 37.740952391 )     No           2          1    2 
"p3rdm133"                      0.208          ( -121.76329047, 37.740793367 )     No           2          1    2 
"p3rlv155"                      0.208          ( -121.76385753, 37.740817342 )     No           2          1    2 
"p3rdt71lv"                     0.208          ( -121.76454823, 37.743915314 )     No           2          1    2 
"p3rlv118"                      0.208          ( -121.76461718, 37.744277196 )     No           2          1    2 
"p3rlv123"                      0.208          ( -121.76454909, 37.744276482 )     No           2          1    2 
"p3rlv143"                      0.208          ( -121.764243  , 37.744255247 )     No           2          1    2 
"p3rlv146"                      0.208          ( -121.76458387, 37.744468948 )     No           2          1    2 
"p3rlv149"                      0.208          ( -121.7647571 , 37.744053343 )     No           2          1    2 
"p3rdm136"                      0.208          ( -121.76451134, 37.743816435 )     No           2          1    2 
"p3rlv130"                      0.208          ( -121.76453523, 37.743744584 )     No           2          1    2 
"p3rdt72lv"                     0.208          ( -121.76449245, 37.739727275 )     No           2          1    2 
"p3rlv119"                      0.208          ( -121.76412291, 37.739873784 )     No           2          1    2 
"p3rlv136"                      0.208          ( -121.76484348, 37.739538853 )     No           2          1    2 
"p3rdt73lv"                     0.208          ( -121.76324819, 37.739005563 )     No           2          1    2 
"p3rlv121"                      0.208          ( -121.76256005, 37.73899216  )     No           2          1    2 
"p3rdm143"                      0.208          ( -121.76330397, 37.742028258 )     No           2          1    2 
"p3rlv122"                      0.208          ( -121.76280437, 37.74204104  )     No           2          1    2 
"p3rdt74lv"                     0.208          ( -121.7633225 , 37.742353233 )     No           2          1    2 
"p3rdm144"                      0.208          ( -121.76328181, 37.742595874 )     No           2          1    2 
"p3rlv138"                      0.208          ( -121.7638631 , 37.742529826 )     No           2          1    2 
"p3rdm145"                      0.208          ( -121.76332631, 37.742731488 )     No           2          1    2 
"p3rlv150"                      0.208          ( -121.76358776, 37.742707193 )     No           2          1    2 
"p3rdt75lv"                     0.208          ( -121.76438465, 37.741655173 )     No           2          1    2 
"p3rlv125"                      0.208          ( -121.7644379 , 37.741656671 )     No           2          1    2 
"p3rdt76lv"                     0.208          ( -121.76481043, 37.740608193 )     No           2          1    2 
"p3rlv126"                      0.208          ( -121.76506635, 37.740469504 )     No           2          1    2 
"p3rlv132"                      0.208          ( -121.76451598, 37.740806221 )     No           2          1    2 
"p3rlv137"                      0.208          ( -121.7648597 , 37.740611542 )     No           2          1    2 
"p3rdt77lv"                     0.208          ( -121.76332686, 37.742562723 )     No           2          1    2 
"p3rlv133"                      0.208          ( -121.76269369, 37.742553605 )     No           2          1    2 
"p3rdm150"                      0.208          ( -121.76328466, 37.742424662 )     No           2          1    2 
"p3rlv127"                      0.208          ( -121.76299113, 37.742412523 )     No           2          1    2 
"p3rdm152"                      0.208          ( -121.76332331, 37.742911712 )     No           2          1    2 
"p3rlv156"                      0.208          ( -121.76309561, 37.742954386 )     No           2          1    2 
"p3rdt78lv"                     0.208          ( -121.76142574, 37.737829443 )     No           2          1    2 
"p3rlv131"                      0.208          ( -121.76133462, 37.738294317 )     No           2          1    2 
"p3rdt79lv"                     0.208          ( -121.76326754, 37.739889017 )     No           2          1    2 
"p3rlv134"                      0.208          ( -121.76365572, 37.73998605  )     No           2          1    2 
"p3rdt80lv"                     0.208          ( -121.76334325, 37.741704269 )     No           2          1    2 
"p3rlv135"                      0.208          ( -121.76368473, 37.741653716 )     No           2          1    2 
"p3rdt81lv"                     0.208          ( -121.77096204, 37.735787579 )     No           2          1    2 
"p3rlv139"                      0.208          ( -121.77088411, 37.735933804 )     No           2          1    2 
"p3rlv235"                      0.208          ( -121.77076168, 37.735788323 )     No           2          1    2 
"p3rlv241"                      0.208          ( -121.77120524, 37.735729858 )     No           2          1    2 
"p3rlv245"                      0.208          ( -121.77123779, 37.735820326 )     No           2          1    2 
"p3rdt82lv"                     0.208          ( -121.76498393, 37.742537683 )     No           2          1    2 
"p3rlv144"                      0.208          ( -121.76503447, 37.742524178 )     No           2          1    2 
"p3rdt83lv"                     0.208          ( -121.7632753 , 37.740414993 )     No           2          1    2 
"p3rlv148"                      0.208          ( -121.76371661, 37.740419302 )     No           2          1    2 
"p3rdt84lv"                     0.208          ( -121.7651994 , 37.742547723 )     No           2          1    2 
"p3rlv154"                      0.208          ( -121.76524943, 37.742562368 )     No           2          1    2 
"p3rdt85lv"                     0.208          ( -121.76325369, 37.739357118 )     No           2          1    2 
"p3rlv157"                      0.208          ( -121.7626408 , 37.739359698 )     No           2          1    2 
"p3rdt104lv"                    0.208          ( -121.77771025, 37.752392848 )     No           2          1    2 
"p3rlv185"                      0.208          ( -121.77768115, 37.75254293  )     No           2          1    2 
"p3rdt105lv"                    0.208          ( -121.77375212, 37.752907037 )     No           2          1    2 
"p3rlv186"                      0.208          ( -121.77336235, 37.752867578 )     No           2          1    2 
"p3rdt106lv"                    0.208          ( -121.77468277, 37.753094788 )     No           2          1    2 
"p3rlv190"                      0.208          ( -121.77456046, 37.753177464 )     No           2          1    2 
"p3rdm193"                      0.208          ( -121.77472951, 37.753251324 )     No           2          1    2 
"p3rlv187"                      0.208          ( -121.77469353, 37.753368116 )     No           2          1    2 
"p3rlv188"                      0.208          ( -121.77478596, 37.753269936 )     No           2          1    2 
"p3rdm196"                      0.208          ( -121.77463198, 37.752970914 )     No           2          1    2 
"p3rlv192"                      0.208          ( -121.7745155 , 37.752912794 )     No           2          1    2 
"p3rdt107lv"                    0.208          ( -121.77313302, 37.752335756 )     No           2          1    2 
"p3rlv189"                      0.208          ( -121.77315656, 37.752718399 )     No           2          1    2 
"p3rdt108lv"                    0.208          ( -121.77408507, 37.754233192 )     No           2          1    2 
"p3rlv199"                      0.208          ( -121.77417003, 37.754137768 )     No           2          1    2 
"p3rlv202"                      0.208          ( -121.77398516, 37.754334126 )     No           2          1    2 
"p3rdm198"                      0.208          ( -121.77383024, 37.7534042   )     No           2          1    2 
"p3rlv191"                      0.208          ( -121.77403364, 37.753460393 )     No           2          1    2 
"p3rdm201"                      0.208          ( -121.77426637, 37.754490268 )     No           2          1    2 
"p3rlv208"                      0.208          ( -121.7746645 , 37.754440332 )     No           2          1    2 
"p3rdt109lv"                    0.208          ( -121.77900705, 37.75821088  )     No           2          1    2 
"p3rlv194"                      0.208          ( -121.77855652, 37.758223864 )     No           2          1    2 
"p3rlv201"                      0.208          ( -121.77831429, 37.75821852  )     No           2          1    2 
"p3rdm202"                      0.208          ( -121.7790559 , 37.757991875 )     No           2          1    2 
"p3rlv193"                      0.208          ( -121.77820494, 37.757965029 )     No           2          1    2 
"p3rdt110lv"                    0.208          ( -121.77760702, 37.762776059 )     No           2          1    2 
"p3rlv195"                      0.208          ( -121.77728619, 37.762056301 )     No           2          1    2 
"p3rdt111lv"                    0.208          ( -121.77445727, 37.755066237 )     No           2          1    2 
"p3rlv196"                      0.208          ( -121.77472279, 37.75503578  )     No           2          1    2 
"p3rdt112lv"                    0.208          ( -121.7805136 , 37.760713628 )     No           2          1    2 
"p3rlv197"                      0.208          ( -121.78000616, 37.7609579   )     No           2          1    2 
"p3rlv198"                      0.208          ( -121.78089786, 37.76057958  )     No           2          1    2 
"p3rdt114lv"                    0.208          ( -121.78034764, 37.760450541 )     No           2          1    2 
"p3rlv203"                      0.208          ( -121.78092648, 37.760219366 )     No           2          1    2 
"p3rdm211"                      0.208          ( -121.78023247, 37.760311325 )     No           2          1    2 
"p3rlv204"                      0.208          ( -121.78062105, 37.760153117 )     No           2          1    2 
"p3rdm212"                      0.208          ( -121.78012089, 37.760193004 )     No           2          1    2 
"p3rlv206"                      0.208          ( -121.78125434, 37.75960989  )     No           2          1    2 
"p3rdt115lv"                    0.208          ( -121.7767558 , 37.761624364 )     No           2          1    2 
"p3rlv205"                      0.208          ( -121.77666902, 37.761617284 )     No           2          1    2 
"p3rlv207"                      0.208          ( -121.77684974, 37.761673236 )     No           2          1    2 
"p3rdt117lv"                    0.208          ( -121.78013331, 37.723027263 )     No           2          1    2 
"p3rlv211"                      0.208          ( -121.77994851, 37.722986466 )     No           2          1    2 
"p3rdt118lv"                    0.208          ( -121.78022131, 37.723410058 )     No           2          1    2 
"p3rlv212"                      0.208          ( -121.78020235, 37.723421708 )     No           2          1    2 
"p3rdt119lv"                    0.208          ( -121.78090889, 37.722782928 )     No           2          1    2 
"p3rlv214"                      0.208          ( -121.78090516, 37.722771043 )     No           2          1    2 
"p3rdm219"                      0.208          ( -121.78075546, 37.722904687 )     No           2          1    2 
"p3rlv213"                      0.208          ( -121.78072025, 37.722976425 )     No           2          1    2 
"p3rdm221"                      0.208          ( -121.78131741, 37.722540973 )     No           2          1    2 
"p3rlv217"                      0.208          ( -121.78126128, 37.722504342 )     No           2          1    2 
"p3rdt120lv"                    0.208          ( -121.78009141, 37.72233619  )     No           2          1    2 
"p3rlv215"                      0.208          ( -121.78001529, 37.722374286 )     No           2          1    2 
"p3rdt121lv"                    0.208          ( -121.78008373, 37.722804776 )     No           2          1    2 
"p3rlv216"                      0.208          ( -121.7799273 , 37.722896118 )     No           2          1    2 
"p3rdt128lv"                    0.208          ( -121.79324568, 37.736098957 )     No           2          1    2 
"p3rlv230"                      0.208          ( -121.79332137, 37.73611441  )     No           2          1    2 
"p3rlv231"                      0.208          ( -121.79302116, 37.736189619 )     No           2          1    2 
"p3rlv232"                      0.208          ( -121.7933975 , 37.736076306 )     No           2          1    2 
"p3rdt129lv"                    0.208          ( -121.76996024, 37.72890604  )     No           2          1    2 
"p3rlv233"                      0.208          ( -121.76981962, 37.72893779  )     No           2          1    2 
"p3rdt130lv"                    0.208          ( -121.76853395, 37.734398254 )     No           2          1    2 
"p3rlv234"                      0.208          ( -121.7685872 , 37.73439975  )     No           2          1    2 
"p3rdm241"                      0.208          ( -121.76994141, 37.734608103 )     No           2          1    2 
"p3rlv236"                      0.208          ( -121.76918164, 37.734573133 )     No           2          1    2 
"p3rdt131lv"                    0.208          ( -121.76994081, 37.734406983 )     No           2          1    2 
"p3rdm242"                      0.208          ( -121.76994737, 37.734247654 )     No           2          1    2 
"p3rlv244"                      0.208          ( -121.76886857, 37.734290467 )     No           2          1    2 
"p3rdt132lv"                    0.208          ( -121.76995366, 37.728143231 )     No           2          1    2 
"p3rlv237"                      0.208          ( -121.7688527 , 37.728158775 )     No           2          1    2 
"p3rdt133lv"                    0.208          ( -121.77190144, 37.736415906 )     No           2          1    2 
"p3rlv238"                      0.208          ( -121.77185605, 37.735941103 )     No           2          1    2 
"p3rdt134lv"                    0.208          ( -121.76854696, 37.728593861 )     No           2          1    2 
"p3rlv239"                      0.208          ( -121.76836574, 37.728336776 )     No           2          1    2 
"p3rlv243"                      0.208          ( -121.76873447, 37.728683115 )     No           2          1    2 
"p3rlv246"                      0.208          ( -121.7685298 , 37.728708015 )     No           2          1    2 
"p3rdt135lv"                    0.208          ( -121.77089245, 37.735666341 )     No           2          1    2 
"p3rlv240"                      0.208          ( -121.77178883, 37.73543852  )     No           2          1    2 
"p3rdt136lv"                    0.208          ( -121.76995606, 37.728684023 )     No           2          1    2 
"p3rlv242"                      0.208          ( -121.7689163 , 37.728666988 )     No           2          1    2 
"p3rdt152lv"                    0.208          ( -121.77276813, 37.736374204 )     No           2          1    2 
"p3rlv275"                      0.208          ( -121.77272528, 37.736220541 )     No           2          1    2 
"p3rdt153lv"                    0.208          ( -121.75029928, 37.749572771 )     No           2          1    2 
"p3rlv276"                      0.208          ( -121.75038363, 37.749048094 )     No           2          1    2 
"p3rlv277"                      0.208          ( -121.75076358, 37.749403619 )     No           2          1    2 
"p3rlv316"                      0.208          ( -121.7498836 , 37.749991961 )     No           2          1    2 
"p3rlv317"                      0.208          ( -121.75017752, 37.749830016 )     No           2          1    2 
"p3rlv325"                      0.208          ( -121.75029692, 37.749479786 )     No           2          1    2 
"p3rdt154lv"                    0.208          ( -121.75059538, 37.74574778  )     No           2          1    2 
"p3rlv278"                      0.208          ( -121.75064593, 37.745734282 )     No           2          1    2 
"p3rdt155lv"                    0.208          ( -121.74840266, 37.758394135 )     No           2          1    2 
"p3rlv279"                      0.208          ( -121.74838926, 37.758283007 )     No           2          1    2 
"p3rlv280"                      0.208          ( -121.74840892, 37.758463471 )     No           2          1    2 
"p3rdt156lv"                    0.208          ( -121.7481796 , 37.75769212  )     No           2          1    2 
"p3rlv281"                      0.208          ( -121.74834116, 37.757768771 )     No           2          1    2 
"p3rlv285"                      0.208          ( -121.74802534, 37.757648251 )     No           2          1    2 
"p3rdt157lv"                    0.208          ( -121.74806755, 37.756257906 )     No           2          1    2 
"p3rlv282"                      0.208          ( -121.74883963, 37.75624808  )     No           2          1    2 
"p3rlv284"                      0.208          ( -121.74784079, 37.756474635 )     No           2          1    2 
"p3rlv286"                      0.208          ( -121.7475673 , 37.756096027 )     No           2          1    2 
"p3rlv287"                      0.208          ( -121.74804827, 37.756287572 )     No           2          1    2 
"p3rdt158lv"                    0.208          ( -121.74837653, 37.759478732 )     No           2          1    2 
"p3rlv288"                      0.208          ( -121.74849076, 37.758996091 )     No           2          1    2 
"p3rdm289"                      0.208          ( -121.7481758 , 37.759497458 )     No           2          1    2 
"p3rlv283"                      0.208          ( -121.74807411, 37.75946934  )     No           2          1    2 
"p3rdm295"                      0.208          ( -121.78762495, 37.723309015 )     No           2          1    2 
"p3rlv293"                      0.208          ( -121.78731849, 37.723314876 )     No           2          1    2 
"p3rlv310"                      0.208          ( -121.78656973, 37.72330717  )     No           2          1    2 
"p3rdt161lv"                    0.208          ( -121.78766995, 37.723471806 )     No           2          1    2 
"p3rdm296"                      0.208          ( -121.78761907, 37.723669468 )     No           2          1    2 
"p3rlv307"                      0.208          ( -121.78691584, 37.72365322  )     No           2          1    2 
"p3rdm294"                      0.208          ( -121.78762777, 37.723831788 )     No           2          1    2 
"p3rlv292"                      0.208          ( -121.787175  , 37.72376404  )     No           2          1    2 
"p3rdt162lv"                    0.208          ( -121.78868842, 37.725726354 )     No           2          1    2 
"p3rlv313"                      0.208          ( -121.78874323, 37.725708907 )     No           2          1    2 
"p3rdm298"                      0.208          ( -121.78835466, 37.725182171 )     No           2          1    2 
"p3rlv294"                      0.208          ( -121.78824106, 37.725190016 )     No           2          1    2 
"p3rdm299"                      0.208          ( -121.78904001, 37.726297789 )     No           2          1    2 
"p3rlv312"                      0.208          ( -121.78923434, 37.726209657 )     No           2          1    2 
"p3rdt163lv"                    0.208          ( -121.78611822, 37.722227164 )     No           2          1    2 
"p3rlv295"                      0.208          ( -121.78618666, 37.723140996 )     No           2          1    2 
"p3rdm302"                      0.208          ( -121.7859176 , 37.722245956 )     No           2          1    2 
"p3rlv299"                      0.208          ( -121.78589493, 37.72293971  )     No           2          1    2 
"p3rlv304"                      0.208          ( -121.78592203, 37.722669604 )     No           2          1    2 
"p3rdm303"                      0.208          ( -121.78631466, 37.722250045 )     No           2          1    2 
"p3rlv300"                      0.208          ( -121.78627568, 37.722793246 )     No           2          1    2 
"p3rdt164lv"                    0.208          ( -121.7892434 , 37.726591121 )     No           2          1    2 
"p3rlv296"                      0.208          ( -121.78937699, 37.726508545 )     No           2          1    2 
"p3rlv298"                      0.208          ( -121.78928623, 37.726507613 )     No           2          1    2 
"p3rdt165lv"                    0.208          ( -121.7930448 , 37.720741964 )     No           2          1    2 
"p3rlv297"                      0.208          ( -121.79292514, 37.720434244 )     No           2          1    2 
"p3rdt166lv"                    0.208          ( -121.78814891, 37.722248058 )     No           2          1    2 
"p3rlv301"                      0.208          ( -121.78815103, 37.722359067 )     No           2          1    2 
"p3rlv305"                      0.208          ( -121.78817337, 37.722140156 )     No           2          1    2 
"p3rdm310"                      0.208          ( -121.78793695, 37.722266738 )     No           2          1    2 
"p3rlv306"                      0.208          ( -121.78799705, 37.722060061 )     No           2          1    2 
"p3rdt167lv"                    0.208          ( -121.79344531, 37.720559054 )     No           2          1    2 
"p3rlv302"                      0.208          ( -121.79328977, 37.720338836 )     No           2          1    2 
"p3rdt168lv"                    0.208          ( -121.78895096, 37.723860582 )     No           2          1    2 
"p3rlv303"                      0.208          ( -121.78873869, 37.723897285 )     No           2          1    2 
"p3rlv311"                      0.208          ( -121.78917039, 37.723865669 )     No           2          1    2 
"p3rdt169lv"                    0.208          ( -121.78835312, 37.722250158 )     No           2          1    2 
"p3rlv308"                      0.208          ( -121.7883857 , 37.7218838   )     No           2          1    2 
"p3rdt170lv"                    0.208          ( -121.79264763, 37.72089104  )     No           2          1    2 
"p3rlv309"                      0.208          ( -121.79248908, 37.720736214 )     No           2          1    2 
"p3rdm316"                      0.208          ( -121.75183854, 37.763790319 )     No           2          1    2 
"p3rlv314"                      0.208          ( -121.75238111, 37.763931255 )     No           2          1    2 
"p3rdt171lv"                    0.208          ( -121.75174249, 37.763867583 )     No           2          1    2 
"p3rdm317"                      0.208          ( -121.75165359, 37.763986639 )     No           2          1    2 
"p3rlv315"                      0.208          ( -121.75210308, 37.764261782 )     No           2          1    2 
"p3rdt178lv"                    0.208          ( -121.75491586, 37.739599455 )     No           2          1    2 
"p3rlv326"                      0.208          ( -121.75489898, 37.739695584 )     No           2          1    2 
"p3rlv327"                      0.208          ( -121.75493458, 37.739368668 )     No           2          1    2 
"p3rlv328"                      0.208          ( -121.75471939, 37.739576521 )     No           2          1    2 
"p3rlv330"                      0.208          ( -121.75510368, 37.739670708 )     No           2          1    2 
"p3rdt179lv"                    0.208          ( -121.75537147, 37.739785579 )     No           2          1    2 
"p3rlv329"                      0.208          ( -121.75532963, 37.739759348 )     No           2          1    2 
"p3rdt313lv"                    0.208          ( -121.7783364 , 37.795536575 )     No           2          1    2 
"p3rlv619"                      0.208          ( -121.7776443 , 37.796155146 )     No           2          1    2 
"p3rdt314lv"                    0.208          ( -121.78290523, 37.792796637 )     No           2          1    2 
"p3rlv620"                      0.208          ( -121.78294677, 37.792794233 )     No           2          1    2 
"p3rdm673"                      0.208          ( -121.78947376, 37.792311709 )     No           2          1    2 
"p3rlv664"                      0.208          ( -121.7895712 , 37.792363954 )     No           2          1    2 
"p3rdt347lv"                    0.208          ( -121.78960806, 37.792193091 )     No           2          1    2 
"p3rdm674"                      0.208          ( -121.78979333, 37.792215853 )     No           2          1    2 
"p3rlv665"                      0.208          ( -121.78981707, 37.792153008 )     No           2          1    2 
"p3rdt434lv"                    0.208          ( -121.77956952, 37.764492555 )     No           2          1    2 
"p3rlv803"                      0.208          ( -121.77949171, 37.764629774 )     No           2          1    2 
"p3rlv805"                      0.208          ( -121.7796415 , 37.764496134 )     No           2          1    2 
"p3rlv808"                      0.208          ( -121.77934667, 37.764475054 )     No           2          1    2 
"p3rlv809"                      0.208          ( -121.77981221, 37.764470863 )     No           2          1    2 
"p3rdt435lv"                    0.208          ( -121.77245431, 37.764550862 )     No           2          1    2 
"p3rlv804"                      0.208          ( -121.77294814, 37.764886272 )     No           2          1    2 
"p3rlv807"                      0.208          ( -121.77266883, 37.76461298  )     No           2          1    2 
"p3rdt436lv"                    0.208          ( -121.78151182, 37.770448707 )     No           2          1    2 
"p3rlv806"                      0.208          ( -121.78153168, 37.77038299  )     No           2          1    2 
"p3rdt437lv"                    0.208          ( -121.78196586, 37.769285092 )     No           2          1    2 
"p3rlv810"                      0.208          ( -121.78214892, 37.768986217 )     No           2          1    2 
"p3rdm832"                      0.208          ( -121.78332972, 37.770131188 )     No           2          1    2 
"p3rlv811"                      0.208          ( -121.78324878, 37.77022048  )     No           2          1    2 
"p3rdt438lv"                    0.208          ( -121.78341754, 37.770075186 )     No           2          1    2 
"p3rdm833"                      0.208          ( -121.783661  , 37.77000843  )     No           2          1    2 
"p3rlv1000"                     0.208          ( -121.78362738, 37.769981045 )     No           2          1    2 
"p3rdt439lv"                    0.208          ( -121.78293123, 37.768574049 )     No           2          1    2 
"p3rlv812"                      0.208          ( -121.78283412, 37.768503776 )     No           2          1    2 
"p3rdt440lv"                    0.208          ( -121.7741509 , 37.765109499 )     No           2          1    2 
"p3rlv813"                      0.208          ( -121.77420418, 37.765109563 )     No           2          1    2 
"p3rdt494lv"                    0.208          ( -121.78076808, 37.806735201 )     No           2          1    2 
"p3rlv907"                      0.208          ( -121.78070652, 37.806785807 )     No           2          1    2 
"p3rdt538lv"                    0.208          ( -121.78405863, 37.770710312 )     No           2          1    2 
"p3rlv996"                      0.208          ( -121.78413658, 37.770779422 )     No           2          1    2 
"p3rdt539lv"                    0.208          ( -121.78672566, 37.769126907 )     No           2          1    2 
"p3rlv997"                      0.208          ( -121.78717802, 37.769476882 )     No           2          1    2 
"p3rdt541lv"                    0.208          ( -121.78583073, 37.769483865 )     No           2          1    2 
"p3rlv999"                      0.208          ( -121.7857472 , 37.769252019 )     No           2          1    2 
"p3rdt542lv"                    0.208          ( -121.78591054, 37.767805418 )     No           2          1    2 
"p3rlv1001"                     0.208          ( -121.78620749, 37.767727428 )     No           2          1    2 
"p3rlv1004"                     0.208          ( -121.78641112, 37.767317772 )     No           2          1    2 
"p3rdt543lv"                    0.208          ( -121.78673845, 37.770214234 )     No           2          1    2 
"p3rlv1002"                     0.208          ( -121.78684986, 37.770104396 )     No           2          1    2 
"p3rdt544lv"                    0.208          ( -121.78403279, 37.768558383 )     No           2          1    2 
"p3rlv1003"                     0.208          ( -121.78381037, 37.768513857 )     No           2          1    2 
"p3rdt545lv"                    0.208          ( -121.78590535, 37.767679792 )     No           2          1    2 
"p3rlv1005"                     0.208          ( -121.78566983, 37.767280264 )     No           2          1    2 
"p3rdt547lv"                    0.208          ( -121.78512507, 37.769115145 )     No           2          1    2 
"p3rlv1007"                     0.208          ( -121.78497119, 37.769039559 )     No           2          1    2 
"p3rdt955lv"                    0.208          ( -121.78028595, 37.775477488 )     No           2          1    2 
"p3rlv1703"                     0.208          ( -121.78027404, 37.77575058  )     No           2          1    2 
"p3rlv1708"                     0.208          ( -121.78038125, 37.775445257 )     No           2          1    2 
"p3rdm1717"                     0.208          ( -121.78136706, 37.772111733 )     No           2          1    2 
"p3rlv1704"                     0.208          ( -121.78140466, 37.771895817 )     No           2          1    2 
"p3rdt956lv"                    0.208          ( -121.78145414, 37.772100788 )     No           2          1    2 
"p3rdm1718"                     0.208          ( -121.78147348, 37.772545445 )     No           2          1    2 
"p3rlv1721"                     0.208          ( -121.78151682, 37.772672072 )     No           2          1    2 
"p3rdt957lv"                    0.208          ( -121.7764697 , 37.774641453 )     No           2          1    2 
"p3rlv1705"                     0.208          ( -121.77662372, 37.774703308 )     No           2          1    2 
"p3rdt959lv"                    0.208          ( -121.77792206, 37.778186033 )     No           2          1    2 
"p3rlv1707"                     0.208          ( -121.77778133, 37.778185222 )     No           2          1    2 
"p3rdt960lv"                    0.208          ( -121.77705598, 37.774238485 )     No           2          1    2 
"p3rlv1709"                     0.208          ( -121.77711166, 37.774032419 )     No           2          1    2 
"p3rdt961lv"                    0.208          ( -121.78127051, 37.773604016 )     No           2          1    2 
"p3rlv1711"                     0.208          ( -121.78126229, 37.773651827 )     No           2          1    2 
"p3rdt962lv"                    0.208          ( -121.77993724, 37.775064958 )     No           2          1    2 
"p3rlv1712"                     0.208          ( -121.78050899, 37.774581357 )     No           2          1    2 
"p3rdt963lv"                    0.208          ( -121.77568419, 37.777043037 )     No           2          1    2 
"p3rlv1713"                     0.208          ( -121.77557453, 37.776807567 )     No           2          1    2 
"p3rdt964lv"                    0.208          ( -121.7775833 , 37.778726764 )     No           2          1    2 
"p3rlv1714"                     0.208          ( -121.77735562, 37.778523289 )     No           2          1    2 
"p3rdt966lv"                    0.208          ( -121.77761546, 37.774918061 )     No           2          1    2 
"p3rlv1716"                     0.208          ( -121.77733359, 37.775035135 )     No           2          1    2 
"p3rdm1729"                     0.208          ( -121.78344509, 37.772791138 )     No           2          1    2 
"p3rlv1720"                     0.208          ( -121.78302284, 37.772921968 )     No           2          1    2 
"p3rdt967lv"                    0.208          ( -121.78367085, 37.773111747 )     No           2          1    2 
"p3rdm1730"                     0.208          ( -121.78388959, 37.773381554 )     No           2          1    2 
"p3rlv1895"                     0.208          ( -121.78407167, 37.773356395 )     No           2          1    2 
"p3rdm1767"                     0.208          ( -121.77744183, 37.782940416 )     No           2          1    2 
"p3rlv1762"                     0.208          ( -121.77761051, 37.783041306 )     No           2          1    2 
"p3rdt988lv"                    0.208          ( -121.77744935, 37.783411988 )     No           2          1    2 
"p3rdm1768"                     0.208          ( -121.7772595 , 37.783668554 )     No           2          1    2 
"p3rlv1763"                     0.208          ( -121.77723738, 37.783632273 )     No           2          1    2 
"p3rdm1766"                     0.208          ( -121.77761147, 37.783672206 )     No           2          1    2 
"p3rlv1759"                     0.208          ( -121.77758936, 37.783635926 )     No           2          1    2 
"p3rdt1001lv"                   0.208          ( -121.77047319, 37.786162673 )     No           2          1    2 
"p3rlv1780"                     0.208          ( -121.77046208, 37.786121367 )     No           2          1    2 
"p3rdm1783"                     0.208          ( -121.77001911, 37.786125756 )     No           2          1    2 
"p3rlv1779"                     0.208          ( -121.76987897, 37.786358623 )     No           2          1    2 
"p3rdm1785"                     0.208          ( -121.77073846, 37.785889921 )     No           2          1    2 
"p3rlv1781"                     0.208          ( -121.7707165 , 37.785844628 )     No           2          1    2 
"p3rdm1859"                     0.208          ( -121.79187112, 37.808288805 )     No           2          1    2 
"p3rlv1861"                     0.208          ( -121.79168632, 37.808476175 )     No           2          1    2 
"p3rdt1052lv"                   0.208          ( -121.79196088, 37.808384991 )     No           2          1    2 
"p3rdm1860"                     0.208          ( -121.79227428, 37.808644434 )     No           2          1    2 
"p3rlv1879"                     0.208          ( -121.79243579, 37.808492874 )     No           2          1    2 
"p3rdt1053lv"                   0.208          ( -121.78839348, 37.808625436 )     No           2          1    2 
"p3rlv1867"                     0.208          ( -121.78814931, 37.808728244 )     No           2          1    2 
"p3rdm1861"                     0.208          ( -121.78876602, 37.808527296 )     No           2          1    2 
"p3rlv1862"                     0.208          ( -121.78878845, 37.808545551 )     No           2          1    2 
"p3rdt1055lv"                   0.208          ( -121.78922344, 37.806014625 )     No           2          1    2 
"p3rlv1866"                     0.208          ( -121.78905549, 37.806105858 )     No           2          1    2 
"p3rdm1864"                     0.208          ( -121.78901594, 37.805744944 )     No           2          1    2 
"p3rlv1864"                     0.208          ( -121.78885665, 37.805761331 )     No           2          1    2 
"p3rdm1866"                     0.208          ( -121.78940566, 37.806226622 )     No           2          1    2 
"p3rlv1873"                     0.208          ( -121.78909371, 37.806547873 )     No           2          1    2 
"p3rdt1056lv"                   0.208          ( -121.78914574, 37.808470944 )     No           2          1    2 
"p3rlv1865"                     0.208          ( -121.78909996, 37.808251336 )     No           2          1    2 
"p3rlv1880"                     0.208          ( -121.7890302 , 37.808349758 )     No           2          1    2 
"p3rdm1869"                     0.208          ( -121.78915204, 37.808540277 )     No           2          1    2 
"p3rlv1881"                     0.208          ( -121.78926533, 37.808559467 )     No           2          1    2 
"p3rdt1058lv"                   0.208          ( -121.78856862, 37.808549471 )     No           2          1    2 
"p3rlv1869"                     0.208          ( -121.78847573, 37.808217879 )     No           2          1    2 
"p3rdt1059lv"                   0.208          ( -121.78528085, 37.806332156 )     No           2          1    2 
"p3rlv1870"                     0.208          ( -121.78517816, 37.806336313 )     No           2          1    2 
"p3rlv1876"                     0.208          ( -121.7849957 , 37.806379495 )     No           2          1    2 
"p3rdt1060lv"                   0.208          ( -121.79007514, 37.806726366 )     No           2          1    2 
"p3rlv1871"                     0.208          ( -121.79056177, 37.806382702 )     No           2          1    2 
"p3rdt1062lv"                   0.208          ( -121.7880602 , 37.807366396 )     No           2          1    2 
"p3rlv1874"                     0.208          ( -121.78806874, 37.80740255  )     No           2          1    2 
"p3rdt1063lv"                   0.208          ( -121.78913075, 37.805911185 )     No           2          1    2 
"p3rlv1875"                     0.208          ( -121.78973529, 37.805518007 )     No           2          1    2 
"p3rdt1064lv"                   0.208          ( -121.78615719, 37.805786971 )     No           2          1    2 
"p3rlv1877"                     0.208          ( -121.7863947 , 37.806030577 )     No           2          1    2 
"p3rdt1065lv"                   0.208          ( -121.79079895, 37.808100382 )     No           2          1    2 
"p3rlv1878"                     0.208          ( -121.79080437, 37.808223782 )     No           2          1    2 
"p3rdt1066lv"                   0.208          ( -121.78992536, 37.806640367 )     No           2          1    2 
"p3rlv1882"                     0.208          ( -121.78976101, 37.806725972 )     No           2          1    2 
"p3rdm1888"                     0.208          ( -121.78727719, 37.773137076 )     No           2          1    2 
"p3rlv1890"                     0.208          ( -121.78733483, 37.773083593 )     No           2          1    2 
"p3rlv1892"                     0.208          ( -121.78735562, 37.773200972 )     No           2          1    2 
"p3rdt1071lv"                   0.208          ( -121.78716228, 37.772979844 )     No           2          1    2 
"p3rdm1890"                     0.208          ( -121.78677428, 37.77264521  )     No           2          1    2 
"p3rlv1896"                     0.208          ( -121.78688057, 37.772393948 )     No           2          1    2 
"p3rdm1891"                     0.208          ( -121.78510593, 37.77121302  )     No           2          1    2 
"p3rlv1891"                     0.208          ( -121.78509605, 37.77112279  )     No           2          1    2 
"p3rdt1072lv"                   0.208          ( -121.78470547, 37.771160993 )     No           2          1    2 
"p3rdm1892"                     0.208          ( -121.7846203 , 37.771054795 )     No           2          1    2 
"p3rlv1899"                     0.208          ( -121.78437969, 37.771187504 )     No           2          1    2 
"p3rdm1893"                     0.208          ( -121.78418651, 37.773970446 )     No           2          1    2 
"p3rlv1893"                     0.208          ( -121.78442654, 37.773873783 )     No           2          1    2 
"p3rdt1073lv"                   0.208          ( -121.78434151, 37.774452554 )     No           2          1    2 
"p3rdm1894"                     0.208          ( -121.78437581, 37.774891698 )     No           2          1    2 
"p3rlv1897"                     0.208          ( -121.78439807, 37.774918966 )     No           2          1    2 
"p3rdt1074lv"                   0.208          ( -121.78449497, 37.775481589 )     No           2          1    2 
"p3rlv1894"                     0.208          ( -121.7845685 , 37.775605692 )     No           2          1    2 
"p3rdm1896"                     0.208          ( -121.78441413, 37.775324705 )     No           2          1    2 
"p3rlv1900"                     0.208          ( -121.78447075, 37.775334302 )     No           2          1    2 
"p3rdt1075lv"                   0.208          ( -121.78621599, 37.772308822 )     No           2          1    2 
"p3rlv1898"                     0.208          ( -121.7865226 , 37.772065803 )     No           2          1    2 
"p3rdt1076lv"                   0.208          ( -121.78526044, 37.802034234 )     No           2          1    2 
"p3rlv1903"                     0.208          ( -121.78584223, 37.801854839 )     No           2          1    2 
"p3rlv1922"                     0.208          ( -121.78576391, 37.801781931 )     No           2          1    2 
"p3rdm1899"                     0.208          ( -121.78527851, 37.80229065  )     No           2          1    2 
"p3rlv1904"                     0.208          ( -121.7853649 , 37.802324758 )     No           2          1    2 
"p3rdt1077lv"                   0.208          ( -121.78432197, 37.802890812 )     No           2          1    2 
"p3rlv1905"                     0.208          ( -121.78424797, 37.802793741 )     No           2          1    2 
"p3rdt1078lv"                   0.208          ( -121.7864867 , 37.797631692 )     No           2          1    2 
"p3rlv1906"                     0.208          ( -121.78558135, 37.797670258 )     No           2          1    2 
"p3rdt1079lv"                   0.208          ( -121.78664038, 37.803084916 )     No           2          1    2 
"p3rlv1908"                     0.208          ( -121.78711052, 37.802787201 )     No           2          1    2 
"p3rdm1903"                     0.208          ( -121.78628367, 37.803337471 )     No           2          1    2 
"p3rlv1907"                     0.208          ( -121.78644134, 37.80342021  )     No           2          1    2 
"p3rdt1080lv"                   0.208          ( -121.78763596, 37.804237474 )     No           2          1    2 
"p3rlv1918"                     0.208          ( -121.7873899 , 37.804457426 )     No           2          1    2 
"p3rdm1905"                     0.208          ( -121.78777825, 37.804326232 )     No           2          1    2 
"p3rlv1909"                     0.208          ( -121.78789374, 37.804210256 )     No           2          1    2 
"p3rdm1907"                     0.208          ( -121.7874865 , 37.804106925 )     No           2          1    2 
"p3rlv1920"                     0.208          ( -121.7876014 , 37.804026993 )     No           2          1    2 
"p3rdt1081lv"                   0.208          ( -121.78403134, 37.798233914 )     No           2          1    2 
"p3rlv1910"                     0.208          ( -121.78406285, 37.798150292 )     No           2          1    2 
"p3rlv1916"                     0.208          ( -121.7839925 , 37.798284756 )     No           2          1    2 
"p3rdt1082lv"                   0.208          ( -121.78530219, 37.804072574 )     No           2          1    2 
"p3rlv1911"                     0.208          ( -121.78546434, 37.804122143 )     No           2          1    2 
"p3rdt1083lv"                   0.208          ( -121.78469142, 37.80092651  )     No           2          1    2 
"p3rlv1912"                     0.208          ( -121.78465288, 37.80095933  )     No           2          1    2 
"p3rlv1921"                     0.208          ( -121.78468843, 37.80086957  )     No           2          1    2 
"p3rdt1084lv"                   0.208          ( -121.78416812, 37.802149142 )     No           2          1    2 
"p3rlv1913"                     0.208          ( -121.78409577, 37.802377587 )     No           2          1    2 
"p3rdt1085lv"                   0.208          ( -121.7872421 , 37.803906114 )     No           2          1    2 
"p3rlv1915"                     0.208          ( -121.78695389, 37.80402934  )     No           2          1    2 
"p3rdt1086lv"                   0.208          ( -121.7860656 , 37.802808613 )     No           2          1    2 
"p3rlv1917"                     0.208          ( -121.78620624, 37.802516518 )     No           2          1    2 
"p3rdt1087lv"                   0.208          ( -121.78664756, 37.805531289 )     No           2          1    2 
"p3rlv1919"                     0.208          ( -121.78720745, 37.805194588 )     No           2          1    2 
"p3rdt1447lv"                   0.208          ( -121.79628188, 37.715470339 )     No           2          1    2 
"p3rlv2642"                     0.208          ( -121.79624003, 37.715444123 )     No           2          1    2 
"p3rdt1452lv"                   0.208          ( -121.79656424, 37.715779536 )     No           2          1    2 
"p3rlv2648"                     0.208          ( -121.79661656, 37.715768909 )     No           2          1    2 
"p3rdt1454lv"                   0.208          ( -121.79707156, 37.715750015 )     No           2          1    2 
"p3rlv2652"                     0.208          ( -121.79712208, 37.715736495 )     No           2          1    2 
"p3rdt1057-p3rdt1062xx"        12.470          ( -121.7896186 , 37.807061645 )     No           1          1 
"p3rdt1057-p3rdt1062xxx"       12.470          ( -121.78796821, 37.80732554  )     No           1          1 
"p3rdt1079-p3rdt1082x"         12.470          ( -121.78673235, 37.803125773 )     No           1          3 
"p3rdt1082"                    12.470          ( -121.78530936, 37.804114365 )     No           1          3 
"p3rdt1083"                    12.470          ( -121.78468425, 37.800884719 )     No           1          2 
"p3rdt1078"                    12.470          ( -121.78649387, 37.797673482 )     No           1          2 
"p3rdt1081"                    12.470          ( -121.78402417, 37.798192123 )     No           1          2 
"p3rdt1076-p3rdt1083x"         12.470          ( -121.78535242, 37.802075092 )     No           1          2 
"p3rdt1-p3rdt2x"               12.470          ( -121.7520752 , 37.755812686 )     No           1          2 
"p3rdt2"                       12.470          ( -121.75299683, 37.755892239 )     No           1          2 
"p3rdt179"                     12.470          ( -121.75542151, 37.739800228 )     No           1          3 
"p3rdt179-p3rdt78x"            12.470          ( -121.75750467, 37.738614513 )     No           1          3 
"p3rdt78"                      12.470          ( -121.76141859, 37.737787651 )     No           1          3 
"p3rdt178"                     12.470          ( -121.75490871, 37.739557663 )     No           1          3 
"p3rdt154"                     12.470          ( -121.7505526 , 37.745773042 )     No           1          3 
"p3rdt154-p3rdt176x"           12.470          ( -121.74936606, 37.746141143 )     No           1          3 
"p3rdt157-p3rdt159x"           12.470          ( -121.74773062, 37.757032354 )     No           1          3 
"p3rdt157"                     12.470          ( -121.7480747 , 37.756299698 )     No           1          3 
"p3rdt962"                     12.470          ( -121.77993007, 37.775023167 )     No           1          1 
"p3rdt961"                     12.470          ( -121.78127767, 37.773645807 )     No           1          1 
"p3rdt955"                     12.470          ( -121.78029312, 37.775519279 )     No           1          1 
"p3rdt955-p3rdt959x"           12.470          ( -121.77798239, 37.778124728 )     No           1          1 
"p3rdt114"                     12.470          ( -121.78034047, 37.76040875  )     No           1          1 
"p3rdt112"                     12.470          ( -121.78050644, 37.760671837 )     No           1          1 
"p3rdt109"                     12.470          ( -121.77901422, 37.758252669 )     No           1          1 
"p3rdt109-p3rdt115xx"          12.470          ( -121.77905616, 37.758155504 )     No           1          1 
"p3rdt109-p3rdt115x"           12.470          ( -121.77762314, 37.760897152 )     No           1          1 
"p3rdt110-p3rdt115xx"          12.470          ( -121.77756442, 37.762867947 )     No           1          3 
"p3rdt110-p3rdt115x"           12.470          ( -121.77690249, 37.761917128 )     No           1          3 
"p3rdt110"                     12.470          ( -121.77761418, 37.76281785  )     No           1          3 
"p3rdt105-p3rdt106x"           12.470          ( -121.77384947, 37.75291777  )     No           1          1 
"p3rdt106"                     12.470          ( -121.77468993, 37.753136579 )     No           1          1 
"p3rdt10-p3rdt6x"              12.470          ( -121.7698555 , 37.745994135 )     No           1          3 
"p3rdt10"                      12.470          ( -121.76866711, 37.746478769 )     No           1          3 
"p3rdt12"                      12.470          ( -121.76332785, 37.744503743 )     No           1          1 
"p3rdt3"                       12.470          ( -121.76337947, 37.744492949 )     No           1          1 
"p3rdt12-p3rdt69x"             12.470          ( -121.76338527, 37.743417174 )     No           1          1 
"p3rdt65-p3rdt80x"             12.470          ( -121.76330623, 37.74163223  )     No           1          1 
"p3rdt65"                      12.470          ( -121.76211124, 37.741435045 )     No           1          1 
"p3rdt85"                      12.470          ( -121.76326085, 37.73939891  )     No           1          3 
"p3rdt73"                      12.470          ( -121.76325535, 37.739047355 )     No           1          3 
"p3rdt79"                      12.470          ( -121.76327469, 37.739930809 )     No           1          3 
"p3rdt66"                      12.470          ( -121.76328019, 37.740282365 )     No           1          3 
"p3rdt83"                      12.470          ( -121.76328246, 37.740456785 )     No           1          3 
"p3rdt70"                      12.470          ( -121.76328404, 37.740943684 )     No           1          3 
"p3rdt68"                      12.470          ( -121.76328954, 37.741295239 )     No           1          3 
"p3rdt68-p3rdt80x"             12.470          ( -121.76324592, 37.741693528 )     No           1          3 
"p3rdt71-p3rdt82x"             12.470          ( -121.76464556, 37.743926054 )     No           1          1 
"p3rdt82"                      12.470          ( -121.76494115, 37.74256295  )     No           1          1 
"p3rdt76"                      12.470          ( -121.76481759, 37.740649985 )     No           1          1 
"p3rdt72"                      12.470          ( -121.76448529, 37.739685483 )     No           1          1 
"p3rdt75"                      12.470          ( -121.76433191, 37.741649639 )     No           1          1 
"p3rdt84"                      12.470          ( -121.76515754, 37.742521496 )     No           1          1 
"p3rdt71-p3rdt84x"             12.470          ( -121.76460854, 37.743854015 )     No           1          1 
"p3rdt71-p3rdt84xx"            12.470          ( -121.76512059, 37.742669187 )     No           1          1 
"p3rdt129"                     12.470          ( -121.76995308, 37.728864248 )     No           1          2 
"p3rdt129-p3rdt134x"           12.470          ( -121.76884927, 37.728603199 )     No           1          2 
"p3rdt134"                     12.470          ( -121.76853981, 37.728552069 )     No           1          2 
"p3rdt136"                     12.470          ( -121.76996322, 37.728725815 )     No           1          2 
"p3rdt132"                     12.470          ( -121.76996082, 37.728185023 )     No           1          2 
"p3rdt131"                     12.470          ( -121.76994797, 37.734448775 )     No           1          2 
"p3rdt129-p3rdt131xx"          12.470          ( -121.76994584, 37.732282852 )     No           1          2 
"p3rdt129-p3rdt131x"           12.470          ( -121.76995371, 37.730435313 )     No           1          2 
"p3rdt130-p3rdt131x"           12.470          ( -121.76875331, 37.734397417 )     No           1          2 
"p3rdt130"                     12.470          ( -121.76848122, 37.734392723 )     No           1          2 
"p3rdt135"                     12.470          ( -121.7708853 , 37.735624549 )     No           1          2 
"p3rdt81"                      12.470          ( -121.7709692 , 37.735829371 )     No           1          2 
"p3rdt67-p3rdt81x"             12.470          ( -121.76994434, 37.738970828 )     No           1          2 
"p3rdt120"                     12.470          ( -121.78009857, 37.722377981 )     No           1          3 
"p3rdt119"                     12.470          ( -121.78090173, 37.722741137 )     No           1          3 
"p3rdt121"                     12.470          ( -121.78009089, 37.722846567 )     No           1          3 
"p3rdt117"                     12.470          ( -121.78012615, 37.722985471 )     No           1          3 
"p3rdt118"                     12.470          ( -121.78022847, 37.723451849 )     No           1          3 
"p3rdt40"                      12.470          ( -121.7777968 , 37.73263774  )     No           1          3 
"p3rdt118-p3rdt40x"            12.470          ( -121.77994958, 37.724996332 )     No           1          3 
"p3rdt42"                      12.470          ( -121.77321797, 37.736411591 )     No           1          3 
"p3rdt40-p3rdt42x"             12.470          ( -121.7745468 , 37.735422164 )     No           1          3 
"p3rdt152"                     12.470          ( -121.77277529, 37.736415996 )     No           1          3 
"p3rdt133"                     12.470          ( -121.77189429, 37.736374115 )     No           1          3 
"p3rdt133-p3rdt67x"            12.470          ( -121.76998136, 37.739042866 )     No           1          3 
"p3rdt16"                      12.470          ( -121.76754465, 37.75277366  )     No           1          1 
"p3rdt4"                       12.470          ( -121.76755137, 37.753053125 )     No           1          1 
"p3rdt107-p3rdt16x"            12.470          ( -121.77308526, 37.752420759 )     No           1          1 
"p3rdt161-p3rdt163x"           12.470          ( -121.78757666, 37.723510597 )     No           1          1 
"p3rdt163"                     12.470          ( -121.78612539, 37.722268955 )     No           1          1 
"p3rdt1447-p3rdt1452x"         12.470          ( -121.7964873 , 37.715830289 )     No           1          1 
"p3rdt1447"                    12.470          ( -121.79633191, 37.715484971 )     No           1          1 
"p3rdt162-p3rdt168x"           12.470          ( -121.78859654, 37.7256855   )     No           1          1 
"p3rdt168"                     12.470          ( -121.78895812, 37.723902373 )     No           1          1 
"p3rdt434-p3rdt440x"           12.470          ( -121.77404598, 37.765119953 )     No           1          2 
"p3rdt434"                     12.470          ( -121.77957668, 37.764534346 )     No           1          2 
"p3rdt435-p3rdt440xx"          12.470          ( -121.77250342, 37.764495489 )     No           1          3 
"p3rdt435-p3rdt440x"           12.470          ( -121.7740598 , 37.764942907 )     No           1          3 
"p3rdt435"                     12.470          ( -121.77246147, 37.764592651 )     No           1          3 
"p3rdt437"                     12.470          ( -121.78197302, 37.769326883 )     No           1          3 
"p3rdt439"                     12.470          ( -121.78293839, 37.768615839 )     No           1          3 
"p3rdt436"                     12.470          ( -121.78150465, 37.770406916 )     No           1          3 
"p3rdt956"                     12.470          ( -121.78146131, 37.772142579 )     No           1          3 
"p3rdt956-p3rdt960x"           12.470          ( -121.77715336, 37.774249216 )     No           1          3 
"p3rdt956-p3rdt960x_b1_1"      12.470          ( -121.77757586, 37.774803318 )     No           1          3 
"p3rdt957"                     12.470          ( -121.77646254, 37.774599662 )     No           1          1 
"p3rdt963"                     12.470          ( -121.77569136, 37.777084829 )     No           1          1 
"p3rdt957-p3rdt960x"           12.470          ( -121.77711631, 37.774177181 )     No           1          1 
"p3rdt438-p3rdt538x"           12.470          ( -121.78415197, 37.770671525 )     No           1          1 
"p3rdt438"                     12.470          ( -121.78342471, 37.770116977 )     No           1          1 
"p3rdt542"                     12.470          ( -121.78591515, 37.767763356 )     No           1          2 
"p3rdt545"                     12.470          ( -121.78591717, 37.767721075 )     No           1          2 
"p3rdt539"                     12.470          ( -121.78673283, 37.769168698 )     No           1          2 
"p3rdt541"                     12.470          ( -121.78582356, 37.769442074 )     No           1          2 
"p3rdt543"                     12.470          ( -121.78673128, 37.770172444 )     No           1          2 
"p3rdt1075"                    12.470          ( -121.78620882, 37.772267031 )     No           1          2 
"p3rdt1071"                    12.470          ( -121.78716945, 37.773021634 )     No           1          2 
"p3rdt1072"                    12.470          ( -121.78471263, 37.771202784 )     No           1          2 
"p3rdt541-p3rdt547x"           12.470          ( -121.78506248, 37.76917499  )     No           1          2 
"p3rdt544-p3rdt547x"           12.470          ( -121.78502809, 37.769102132 )     No           1          3 
"p3rdt544"                     12.470          ( -121.78403995, 37.768600174 )     No           1          3 
"p3rdt1077"                    12.470          ( -121.78432914, 37.802932602 )     No           1          3 
"p3rdt1077_b1_1"               12.470          ( -121.7827574 , 37.802949589 )     No           1          3 
"p3rdt1077-p3rdt1086x"         12.470          ( -121.78615757, 37.802849471 )     No           1          3 
"p3rdt1059-p3rdt1064xx"        12.470          ( -121.78625461, 37.805797695 )     No           1          3 
"p3rdt1059-p3rdt1064x"         12.470          ( -121.78537424, 37.80629337  )     No           1          3 
"p3rdt1064-p3rdt1087xx"        12.470          ( -121.78655558, 37.805490432 )     No           1          3 
"p3rdt1064-p3rdt1087x"         12.470          ( -121.78621754, 37.805725663 )     No           1          3 
"p3rdt1085-p3rdt1087x"         12.470          ( -121.78715013, 37.803865258 )     No           1          3 
"p3rdt1087"                    12.470          ( -121.78659748, 37.805516652 )     No           1          3 
"p3rdt1058"                    12.470          ( -121.78857579, 37.808591261 )     No           1          1 
"p3rdt1053"                    12.470          ( -121.7883863 , 37.808583646 )     No           1          1 
"p3rdt1056"                    12.470          ( -121.78913857, 37.808429153 )     No           1          1 
"p3rdt1065"                    12.470          ( -121.79079178, 37.808058591 )     No           1          1 
"p3rdt1052-p3rdt1065x"         12.470          ( -121.79205287, 37.808425844 )     No           1          1 
"p3rdt0"                       12.470          ( -121.75192726, 37.75986171  )     No           3          1    2    3 
"p3rdt0-p3rdt1x"               12.470          ( -121.75207435, 37.755887887 )     No           3          1    2    3 
"p3rdt1"                       12.470          ( -121.75211706, 37.755838918 )     No           3          1    2    3 
"p3rdt171"                     12.470          ( -121.75174964, 37.763909375 )     No           3          1    2    3 
"p3rdt171_b1_1"                12.470          ( -121.75161758, 37.763427469 )     No           3          1    2    3 
"p3rdt156"                     12.470          ( -121.74818675, 37.757733913 )     No           3          1    2    3 
"p3rdt159"                     12.470          ( -121.74772477, 37.757074328 )     No           3          1    2    3 
"p3rdt155"                     12.470          ( -121.74839551, 37.758352343 )     No           3          1    2    3 
"p3rdt158"                     12.470          ( -121.74838368, 37.759520525 )     No           3          1    2    3 
"p3rdt155-p3rdt158x"           12.470          ( -121.74839119, 37.758841817 )     No           3          1    2    3 
"p3rdt1001"                    12.470          ( -121.77051507, 37.786188898 )     No           3          1    2    3 
"p3rdt1001-p3rdt171x"          12.470          ( -121.75722083, 37.771868531 )     No           3          1    2    3 
"p3rdt1001-p3rdt171xx"         12.470          ( -121.75211881, 37.765352488 )     No           3          1    2    3 
"p3rdt74"                      12.470          ( -121.76332965, 37.742395025 )     No           3          1    2    3 
"p3rdt80"                      12.470          ( -121.76329846, 37.741676782 )     No           3          1    2    3 
"p3rdt77"                      12.470          ( -121.76331971, 37.742520931 )     No           3          1    2    3 
"p3rdt69"                      12.470          ( -121.76333472, 37.743430678 )     No           3          1    2    3 
"p3rdt71"                      12.470          ( -121.76460077, 37.743898568 )     No           3          1    2    3 
"p3rdt11"                      12.470          ( -121.76847411, 37.745903794 )     No           3          1    2    3 
"p3rdt11-p3rdt71x"             12.470          ( -121.766255  , 37.744754004 )     No           3          1    2    3 
"p3rdt6"                       12.470          ( -121.76989828, 37.745968866 )     No           3          1    2    3 
"p3rdt11-p3rdt6x"              12.470          ( -121.76856282, 37.745895724 )     No           3          1    2    3 
"p3rdt67"                      12.470          ( -121.76993657, 37.739015381 )     No           3          1    2    3 
"p3rdt107"                     12.470          ( -121.77310944, 37.752378375 )     No           3          1    2    3 
"p3rdt107_b1_1"                12.470          ( -121.77176985, 37.752382327 )     No           3          1    2    3 
"p3rdt1454"                    12.470          ( -121.7970288 , 37.715775294 )     No           3          1    2    3 
"p3rdt1446"                    12.470          ( -121.79714955, 37.715057883 )     No           3          1    2    3 
"p3rdt1452"                    12.470          ( -121.79650863, 37.715788011 )     No           3          1    2    3 
"p3rdt1452-p3rdt167xxx"        12.470          ( -121.79336829, 37.720582572 )     No           3          1    2    3 
"p3rdt1452-p3rdt167xx"         12.470          ( -121.794788  , 37.719606099 )     No           3          1    2    3 
"p3rdt1452-p3rdt167x"          12.470          ( -121.79646861, 37.715755368 )     No           3          1    2    3 
"p3rdt165-p3rdt167x"           12.470          ( -121.79294749, 37.720731247 )     No           3          1    2    3 
"p3rdt165-p3rdt167xx"          12.470          ( -121.7933976 , 37.720644066 )     No           3          1    2    3 
"p3rdt165-p3rdt170xx"          12.470          ( -121.79255575, 37.720850189 )     No           3          1    2    3 
"p3rdt165-p3rdt170x"           12.470          ( -121.79300776, 37.720669933 )     No           3          1    2    3 
"p3rdt169"                     12.470          ( -121.78836028, 37.722291948 )     No           3          1    2    3 
"p3rdt170"                     12.470          ( -121.7925976 , 37.720876407 )     No           3          1    2    3 
"p3rdt166"                     12.470          ( -121.78815608, 37.722289849 )     No           3          1    2    3 
"p3rdt161"                     12.470          ( -121.78761942, 37.723485321 )     No           3          1    2    3 
"p3rdt162"                     12.470          ( -121.78863839, 37.725711719 )     No           3          1    2    3 
"p3rdt164"                     12.470          ( -121.78923624, 37.726549331 )     No           3          1    2    3 
"p3rdt37"                      12.470          ( -121.79041502, 37.727810867 )     No           3          1    2    3 
"p3rdt39"                      12.470          ( -121.79074573, 37.72792576  )     No           3          1    2    3 
"p3rdt35"                      12.470          ( -121.79091041, 37.728050282 )     No           3          1    2    3 
"p3rdt36"                      12.470          ( -121.79162906, 37.728517305 )     No           3          1    2    3 
"p3rdt38"                      12.470          ( -121.7918414 , 37.729900747 )     No           3          1    2    3 
"p3rdt36-p3rdt38x"             12.470          ( -121.79186637, 37.729733634 )     No           3          1    2    3 
"p3rdt128"                     12.470          ( -121.79325285, 37.736140747 )     No           3          1    2    3 
"p3rdt104"                     12.470          ( -121.77770309, 37.752351057 )     No           3          1    2    3 
"p3rdt104-p3rdt128x"           12.470          ( -121.77893111, 37.751771778 )     No           3          1    2    3 
"p3rdt104-p3rdt107x"           12.470          ( -121.77316305, 37.752397127 )     No           3          1    2    3 
"p3rdt105-p3rdt107x"           12.470          ( -121.77381243, 37.752845733 )     No           3          1    2    3 
"p3rdt108"                     12.470          ( -121.77409223, 37.754274983 )     No           3          1    2    3 
"p3rdt105"                     12.470          ( -121.77380466, 37.752890287 )     No           3          1    2    3 
"p3rdt111"                     12.470          ( -121.77446443, 37.755108028 )     No           3          1    2    3 
"p3rdt115"                     12.470          ( -121.77676297, 37.761666155 )     No           3          1    2    3 
"p3rdt111-p3rdt115x"           12.470          ( -121.77512857, 37.757275161 )     No           3          1    2    3 
"p3rdt440"                     12.470          ( -121.77409927, 37.765120297 )     No           3          1    2    3 
"p3rdt960"                     12.470          ( -121.77710854, 37.774221734 )     No           3          1    2    3 
"p3rdt440-p3rdt960x"           12.470          ( -121.77660638, 37.772999722 )     No           3          1    2    3 
"p3rdt966"                     12.470          ( -121.77762262, 37.774959853 )     No           3          1    2    3 
"p3rdt959"                     12.470          ( -121.77797462, 37.778169282 )     No           3          1    2    3 
"p3rdt538"                     12.470          ( -121.78410142, 37.770685038 )     No           3          1    2    3 
"p3rdt547"                     12.470          ( -121.78507189, 37.769130634 )     No           3          1    2    3 
"p3rdt967"                     12.470          ( -121.78366368, 37.773069956 )     No           3          1    2    3 
"p3rdt967_b1_1"                12.470          ( -121.78318017, 37.772328752 )     No           3          1    2    3 
"p3rdt1073"                    12.470          ( -121.78433434, 37.774410763 )     No           3          1    2    3 
"p3rdt1074"                    12.470          ( -121.78448781, 37.775439798 )     No           3          1    2    3 
"p3rdt1074-p3rdt959x"          12.470          ( -121.77801944, 37.778196763 )     No           3          1    2    3 
"p3rdt1074-p3rdt959x_b1_1"     12.470          ( -121.7785109 , 37.778012534 )     No           3          1    2    3 
"p3rdt964"                     12.470          ( -121.77757614, 37.778684973 )     No           3          1    2    3 
"p3rdt988"                     12.470          ( -121.77744218, 37.783370197 )     No           3          1    2    3 
"p3rdt988_b1_1"                12.470          ( -121.77638637, 37.78290242  )     No           3          1    2    3 
"p3rdt1001-p3rdt988x"          12.470          ( -121.77056514, 37.786203542 )     No           3          1    2    3 
"p3rdt1001-p3rdt988x_b1_1"     12.470          ( -121.77117306, 37.785705188 )     No           3          1    2    3 
"p3rdt1001-p3rdt313x"          12.470          ( -121.77842837, 37.795577438 )     No           3          1    2    3 
"p3rdt1001-p3rdt313x_b1_1"     12.470          ( -121.7769053 , 37.794822608 )     No           3          1    2    3 
"p3rdt1084-p3rdt313x"          12.470          ( -121.78426009, 37.802190001 )     No           3          1    2    3 
"p3rdt1084-p3rdt313x_b1_1"     12.470          ( -121.78349743, 37.801461127 )     No           3          1    2    3 
"p3rdt1076"                    12.470          ( -121.78530234, 37.802060454 )     No           3          1    2    3 
"p3rdt1084"                    12.470          ( -121.78421001, 37.802175363 )     No           3          1    2    3 
"p3rdt1086"                    12.470          ( -121.78610749, 37.802834834 )     No           3          1    2    3 
"p3rdt1079"                    12.470          ( -121.78668227, 37.803111136 )     No           3          1    2    3 
"p3rdt1085"                    12.470          ( -121.78719202, 37.803891478 )     No           3          1    2    3 
"p3rdt1080"                    12.470          ( -121.78762879, 37.804195684 )     No           3          1    2    3 
"p3rdt1063"                    12.470          ( -121.78912358, 37.805869395 )     No           3          1    2    3 
"p3rdt1055"                    12.470          ( -121.78923061, 37.806056415 )     No           3          1    2    3 
"p3rdt1066"                    12.470          ( -121.78991819, 37.806598577 )     No           3          1    2    3 
"p3rdt1060"                    12.470          ( -121.79008231, 37.806768157 )     No           3          1    2    3 
"p3rdt1052"                    12.470          ( -121.79200278, 37.808411209 )     No           3          1    2    3 
"p3rdt1052-p3rhs0_1247x_b1_1"  12.470          ( -121.8342479 , 37.831072387 )     No           3          1    2    3 
"p3rdt1057lv"                   0.480          ( -121.78946034, 37.807063513 )     No           3          1    2    3 
"p3rlv1868"                     0.480          ( -121.78942914, 37.806875778 )     No           3          1    2    3 
"p3rdt1057"                    12.470          ( -121.78951312, 37.807069036 )     No           3          1    2    3 
"p3rdt540lv"                    0.480          ( -121.79524442, 37.788883041 )     No           3          1    2    3 
"p3rlv998"                      0.480          ( -121.79513475, 37.788503287 )     No           3          1    2    3 
"p3rdt347"                     12.470          ( -121.78961523, 37.792234881 )     No           3          1    2    3 
"p3rdt347_b1_1"                12.470          ( -121.78801275, 37.792062356 )     No           3          1    2    3 
"p3rdt314"                     12.470          ( -121.78289806, 37.792754846 )     No           3          1    2    3 
"p3rdt314_b1_1"                12.470          ( -121.78311545, 37.793589094 )     No           3          1    2    3 
"p3rdt313"                     12.470          ( -121.77837829, 37.795562798 )     No           3          1    2    3 
"p3rdt313_b1_1"                12.470          ( -121.77912746, 37.796392497 )     No           3          1    2    3 
"p3rdt176lv"                    0.480          ( -121.74947095, 37.746130711 )     No           3          1    2    3 
"p3rlv323"                      0.480          ( -121.74952422, 37.746130786 )     No           3          1    2    3 
"p3rdt153"                     12.470          ( -121.75029213, 37.749530978 )     No           3          1    2    3 
"p3rdt176"                     12.470          ( -121.74941934, 37.746141499 )     No           3          1    2    3 
"p3rdt159lv"                    0.480          ( -121.74772289, 37.757116611 )     No           3          1    2    3 
"p3rlv289"                      0.480          ( -121.74773435, 37.757157972 )     No           3          1    2    3 
"p3rdt33lv"                     0.480          ( -121.79593469, 37.720289905 )     No           3          1    2    3 
"p3rlv57"                       0.480          ( -121.79617606, 37.720070924 )     No           3          1    2    3 
"p3rdt167-p3rdt33x"            12.470          ( -121.79347535, 37.72062042  )     No           3          1    2    3 
"p3rdt167-p3rdt33xx"           12.470          ( -121.79602657, 37.720330754 )     No           3          1    2    3 
"p3rdt1446lv"                   0.480          ( -121.79715672, 37.715099673 )     No           3          1    2    3 
"p3rlv2641"                     0.480          ( -121.79731326, 37.714999296 )     No           3          1    2    3 
"p3rlv2645"                     0.480          ( -121.79700436, 37.715158375 )     No           3          1    2    3 
"p3rdt113lv"                    0.480          ( -121.77744066, 37.761475964 )     No           3          1    2    3 
"p3rlv200"                      0.480          ( -121.77749071, 37.761490605 )     No           3          1    2    3 
"p3rdt113"                     12.470          ( -121.77739879, 37.761449741 )     No           3          1    2    3 
"p3rdt1052-p3rdt1054x"         12.470          ( -121.7935874 , 37.808257458 )     No           3          1    2    3 
"p3rdt1057-p3rdt1062x"         12.470          ( -121.78956642, 37.807070524 )     No           1          1 
"p3rdt1062"                    12.470          ( -121.78801011, 37.807351759 )     No           1          1 
"p3rdt1064"                    12.470          ( -121.78620977, 37.805770216 )     No           1          3 
"p3rdt1059"                    12.470          ( -121.78532366, 37.806306882 )     No           1          3 
"p3rdt167"                     12.470          ( -121.79342176, 37.720601677 )     No           3          1    2    3 
"p3rdt165"                     12.470          ( -121.79300001, 37.720714488 )     No           3          1    2    3 
"p3rdt33"                      12.470          ( -121.79597654, 37.720316122 )     No           3          1    2    3 
"p3rdt956-p3rdt960x_b2_1"      12.470          ( -121.77761904, 37.774938957 )     No           1          3 
"p3rdt1077_b2_1"               12.470          ( -121.78255268, 37.802965498 )     No           1          3 
"p3rdt494"                     12.470          ( -121.78076091, 37.806693411 )     No           1          3 
"p3rdt171_b2_1"                12.470          ( -121.75153964, 37.763336516 )     No           3          1    2    3 
"p3rdt107_b2_1"                12.470          ( -121.77154328, 37.752388967 )     No           3          1    2    3 
"p3rdt967_b2_1"                12.470          ( -121.78310321, 37.772174741 )     No           3          1    2    3 
"p3rdt1074-p3rdt959x_b2_1"     12.470          ( -121.77853598, 37.77786859  )     No           3          1    2    3 
"p3rdt988_b2_1"                12.470          ( -121.77620589, 37.782828444 )     No           3          1    2    3 
"p3rdt1001-p3rdt988x_b2_1"     12.470          ( -121.77118665, 37.785570139 )     No           3          1    2    3 
"p3rdt1001-p3rdt313x_b2_1"     12.470          ( -121.77686017, 37.794804114 )     No           3          1    2    3 
"p3rdt1084-p3rdt313x_b2_1"     12.470          ( -121.78339759, 37.801315892 )     No           3          1    2    3 
"p3rdt1052-p3rhs0_1247x_b2_1"  12.470          ( -121.83421072, 37.831184625 )     No           3          1    2    3 
"p3rdt347_b2_1"                12.470          ( -121.78787604, 37.792087988 )     No           3          1    2    3 
"p3rdt540"                     12.470          ( -121.79519385, 37.788896558 )     No           3          1    2    3 
"p3rdt314_b2_1"                12.470          ( -121.78320422, 37.793716189 )     No           3          1    2    3 
"p3rdt313_b2_1"                12.470          ( -121.77916041, 37.79647445  )     No           3          1    2    3 
